[[1203. 1203. 1203. ... 9140. 9140. 9140.]
 [1203. 1203. 1203. ... 9280. 9280. 9280.]
 [1210. 1210. 1210. ... 9280. 9280. 9280.]
 ...
 [ 484.  484.  485. ...  453.  453.  453.]
 [ 484.  484.  485. ...  453.  453.  453.]
 [ 481.  481.  481. ...  451.  450.  450.]]
[[1210. 1210. 1210. ... 9140. 9140. 9140.]
 [1210. 1210. 1210. ... 9140. 9140. 9140.]
 [1217. 1217. 1217. ... 9280. 9280. 9280.]
 ...
 [ 484.  484.  484. ...  454.  454.  453.]
 [ 484.  484.  484. ...  454.  454.  453.]
 [ 479.  479.  479. ...  451.  451.  451.]]
[[1198. 1196. 1196. ... 8870. 8870. 8870.]
 [1198. 1196. 1196. ... 8870. 8870. 8870.]
 [1205. 1205. 1205. ... 8870. 8870. 8870.]
 ...
 [ 484.  484.  484. ...  453.  452.  452.]
 [ 484.  484.  484. ...  453.  452.  452.]
 [ 479.  479.  479. ...  451.  450.  450.]]
[[1203. 1203. 1203. ... 8870. 8870. 8870.]
 [1203. 1203. 1203. ... 8744. 8870. 8870.]
 [1212. 1212. 1212. ... 8744. 8870. 8870.]
 ...
 [ 485.  486.  486. ...  458.  458.  458.]
 [ 485.  486.  486. ...  458.  458.  458.]
 [ 481.  481.  481. ...  455.  455.  455.]]
[[1198. 1196. 1196. ... 9280. 9280. 9280.]
 [1198. 1196. 1196. ... 9420. 9570. 9570.]
 [1208. 1205. 1205. ... 9720. 9720. 9720.]
 ...
 [ 486.  486.  487. ...  455.  455.  455.]
 [ 486.  486.  487. ...  455.  455.  455.]
 [ 482.  482.  482. ...  452.  452.  452.]]
[[1201. 1201. 1201. ... 8164. 8270. 8270.]
 [1201. 1201. 1201. ... 8270. 8270. 8270.]
 [1212. 1210. 1210. ... 8380. 8380. 8380.]
 ...
 [ 485.  485.  486. ...  454.  454.  454.]
 [ 485.  485.  486. ...  454.  454.  454.]
 [ 481.  481.  481. ...  451.  451.  451.]]
[[1203. 1201. 1201. ... 9010. 9010. 9010.]
 [1203. 1201. 1201. ... 9010. 9010. 8870.]
 [1212. 1210. 1210. ... 9010. 9010. 8870.]
 ...
 [ 487.  487.  488. ...  457.  457.  457.]
 [ 487.  487.  488. ...  457.  457.  457.]
 [ 483.  483.  483. ...  454.  454.  454.]]
[[1201. 1201. 1201. ... 8270. 8380. 8380.]
 [1201. 1201. 1201. ... 8380. 8380. 8380.]
 [1210. 1210. 1210. ... 8504. 8504. 8504.]
 ...
 [ 486.  486.  487. ...  454.  454.  454.]
 [ 486.  486.  487. ...  454.  454.  454.]
 [ 481.  482.  482. ...  451.  451.  451.]]
[[1198. 1198. 1198. ... 9140. 9140. 9140.]
 [1198. 1198. 1198. ... 9140. 9280. 9280.]
 [1208. 1205. 1205. ... 9280. 9280. 9280.]
 ...
 [ 487.  487.  487. ...  456.  456.  456.]
 [ 487.  487.  487. ...  456.  456.  456.]
 [ 482.  482.  482. ...  453.  453.  453.]]
[[1208. 1208. 1208. ... 8164. 8164. 8164.]
 [1208. 1208. 1208. ... 8270. 8270. 8270.]
 [1220. 1220. 1220. ... 8270. 8380. 8380.]
 ...
 [ 484.  484.  484. ...  457.  456.  456.]
 [ 484.  484.  484. ...  457.  456.  456.]
 [ 481.  481.  481. ...  453.  452.  452.]]
[[1201. 1201. 1201. ... 9720. 9720. 9570.]
 [1201. 1201. 1201. ... 9570. 9570. 9570.]
 [1210. 1210. 1210. ... 9570. 9570. 9570.]
 ...
 [ 487.  487.  487. ...  457.  457.  457.]
 [ 487.  487.  487. ...  457.  457.  457.]
 [ 482.  482.  482. ...  455.  455.  454.]]
[[1198. 1198. 1198. ... 8870. 8870. 8870.]
 [1198. 1198. 1198. ... 8870. 8870. 8870.]
 [1208. 1208. 1208. ... 8870. 8870. 8870.]
 ...
 [ 485.  485.  486. ...  455.  455.  455.]
 [ 485.  485.  486. ...  455.  455.  455.]
 [ 481.  481.  481. ...  452.  452.  452.]]
[[1198. 1198. 1198. ... 9420. 9570. 9570.]
 [1198. 1198. 1198. ... 9420. 9570. 9570.]
 [1210. 1208. 1208. ... 9420. 9570. 9570.]
 ...
 [ 485.  485.  485. ...  455.  455.  455.]
 [ 485.  485.  485. ...  455.  455.  455.]
 [ 481.  481.  481. ...  452.  452.  452.]]
[[1196. 1196. 1196. ... 9140. 9140. 9140.]
 [1196. 1196. 1196. ... 9140. 9140. 9140.]
 [1208. 1205. 1205. ... 9140. 9140. 9140.]
 ...
 [ 487.  487.  487. ...  456.  456.  456.]
 [ 487.  487.  487. ...  456.  456.  456.]
 [ 482.  482.  482. ...  454.  453.  453.]]
[[1196. 1196. 1196. ... 8620. 8744. 8744.]
 [1196. 1196. 1196. ... 8620. 8744. 8744.]
 [1205. 1205. 1205. ... 8744. 8744. 8744.]
 ...
 [ 487.  487.  487. ...  456.  456.  455.]
 [ 487.  487.  487. ...  456.  456.  455.]
 [ 483.  483.  483. ...  452.  452.  452.]]
[[1198. 1198. 1198. ... 8270. 8380. 8380.]
 [1198. 1198. 1198. ... 8380. 8504. 8504.]
 [1208. 1208. 1208. ... 8744. 8744. 8744.]
 ...
 [ 486.  487.  487. ...  455.  455.  455.]
 [ 486.  487.  487. ...  455.  455.  455.]
 [ 482.  482.  483. ...  452.  451.  451.]]
[[1205. 1205. 1205. ... 8380. 8380. 8380.]
 [1205. 1205. 1205. ... 8620. 8620. 8620.]
 [1215. 1215. 1215. ... 8744. 8870. 8870.]
 ...
 [ 486.  486.  486. ...  457.  456.  456.]
 [ 486.  486.  486. ...  457.  456.  456.]
 [ 482.  482.  482. ...  453.  453.  453.]]
[[1198. 1196. 1196. ... 7652. 7750. 7750.]
 [1198. 1196. 1196. ... 7652. 7750. 7750.]
 [1208. 1208. 1208. ... 7652. 7750. 7750.]
 ...
 [ 488.  488.  489. ...  458.  457.  457.]
 [ 488.  488.  489. ...  458.  457.  457.]
 [ 483.  483.  484. ...  454.  453.  453.]]
[[ 1196.  1196.  1196. ... 10560. 10560. 10560.]
 [ 1196.  1196.  1196. ... 10210. 10210. 10210.]
 [ 1205.  1205.  1205. ... 10210. 10210. 10210.]
 ...
 [  487.   487.   488. ...   456.   456.   456.]
 [  487.   487.   488. ...   456.   456.   456.]
 [  482.   483.   484. ...   454.   454.   454.]]
[[1198. 1198. 1198. ... 8870. 8870. 8870.]
 [1198. 1198. 1198. ... 9010. 9010. 9010.]
 [1208. 1208. 1208. ... 9140. 9280. 9280.]
 ...
 [ 487.  487.  488. ...  456.  456.  456.]
 [ 487.  487.  488. ...  456.  456.  456.]
 [ 482.  482.  483. ...  453.  453.  453.]]
[[ 1203.  1203.  1203. ...  9870. 10040. 10040.]
 [ 1203.  1203.  1203. ...  9720. 10040. 10040.]
 [ 1215.  1212.  1212. ...  9720. 10040. 10040.]
 ...
 [  489.   489.   490. ...   455.   455.   455.]
 [  489.   489.   490. ...   455.   455.   455.]
 [  484.   485.   485. ...   452.   452.   452.]]
[[1203. 1203. 1203. ... 8744. 8744. 8744.]
 [1203. 1203. 1203. ... 9010. 9010. 9010.]
 [1212. 1212. 1212. ... 9140. 9140. 9140.]
 ...
 [ 486.  486.  486. ...  456.  456.  457.]
 [ 486.  486.  486. ...  456.  456.  457.]
 [ 481.  482.  482. ...  454.  454.  454.]]
[[1198. 1198. 1198. ... 7950. 8056. 8056.]
 [1198. 1198. 1198. ... 8056. 8164. 8164.]
 [1208. 1208. 1208. ... 8270. 8380. 8380.]
 ...
 [ 484.  484.  484. ...  455.  455.  455.]
 [ 484.  484.  484. ...  455.  455.  455.]
 [ 480.  480.  481. ...  452.  452.  452.]]
[[1203. 1203. 1203. ... 7850. 7950. 7950.]
 [1203. 1203. 1203. ... 7950. 7950. 7950.]
 [1212. 1212. 1212. ... 7950. 8056. 8056.]
 ...
 [ 485.  485.  485. ...  456.  456.  456.]
 [ 485.  485.  485. ...  456.  456.  456.]
 [ 481.  481.  481. ...  453.  453.  452.]]
[[1196. 1196. 1196. ... 8164. 8270. 8270.]
 [1196. 1196. 1196. ... 7950. 8056. 8056.]
 [1208. 1208. 1208. ... 7950. 8056. 8056.]
 ...
 [ 486.  486.  486. ...  456.  456.  456.]
 [ 486.  486.  486. ...  456.  456.  456.]
 [ 482.  482.  482. ...  453.  453.  452.]]
[[1203. 1203. 1205. ... 8056. 8056. 8056.]
 [1203. 1203. 1205. ... 8056. 8056. 8056.]
 [1212. 1212. 1212. ... 8056. 8056. 8056.]
 ...
 [ 486.  487.  487. ...  456.  456.  456.]
 [ 486.  487.  487. ...  456.  456.  456.]
 [ 481.  481.  482. ...  452.  452.  452.]]
[[1203. 1201. 1201. ... 8744. 8744. 8744.]
 [1203. 1201. 1201. ... 8620. 8620. 8620.]
 [1212. 1210. 1210. ... 8620. 8620. 8620.]
 ...
 [ 489.  489.  489. ...  455.  455.  455.]
 [ 489.  489.  489. ...  455.  455.  455.]
 [ 484.  484.  484. ...  452.  452.  452.]]
[[1203. 1201. 1201. ... 9140. 9420. 9420.]
 [1203. 1201. 1201. ... 9280. 9420. 9420.]
 [1210. 1210. 1210. ... 9280. 9570. 9570.]
 ...
 [ 487.  487.  487. ...  455.  455.  455.]
 [ 487.  487.  487. ...  455.  455.  455.]
 [ 482.  482.  482. ...  452.  452.  452.]]
[[1201. 1201. 1201. ... 8870. 8870. 8870.]
 [1201. 1201. 1201. ... 9010. 9140. 9140.]
 [1210. 1210. 1210. ... 9280. 9280. 9280.]
 ...
 [ 486.  486.  486. ...  457.  457.  457.]
 [ 486.  486.  486. ...  457.  457.  457.]
 [ 481.  482.  482. ...  453.  453.  453.]]
[[1208. 1208. 1208. ... 9420. 9570. 9570.]
 [1208. 1208. 1208. ... 9420. 9570. 9570.]
 [1217. 1217. 1217. ... 9570. 9570. 9570.]
 ...
 [ 486.  486.  486. ...  459.  459.  458.]
 [ 486.  486.  486. ...  459.  459.  458.]
 [ 481.  481.  481. ...  455.  454.  454.]]
[[1203. 1203. 1203. ... 8620. 8620. 8620.]
 [1203. 1203. 1203. ... 8504. 8504. 8504.]
 [1212. 1212. 1212. ... 8504. 8504. 8504.]
 ...
 [ 486.  486.  486. ...  456.  456.  456.]
 [ 486.  486.  486. ...  456.  456.  456.]
 [ 481.  482.  482. ...  453.  453.  453.]]
[[1201. 1201. 1201. ... 9420. 9570. 9570.]
 [1201. 1201. 1201. ... 9280. 9420. 9420.]
 [1210. 1210. 1210. ... 9280. 9420. 9420.]
 ...
 [ 486.  487.  487. ...  456.  456.  455.]
 [ 486.  487.  487. ...  456.  456.  455.]
 [ 482.  482.  482. ...  452.  452.  452.]]
[[1201. 1201. 1201. ... 7950. 8056. 8056.]
 [1201. 1201. 1201. ... 8056. 8056. 8056.]
 [1210. 1208. 1208. ... 8056. 8164. 8164.]
 ...
 [ 488.  488.  489. ...  454.  454.  454.]
 [ 488.  488.  489. ...  454.  454.  454.]
 [ 484.  484.  484. ...  452.  452.  452.]]
[[1205. 1205. 1205. ... 9140. 9280. 9280.]
 [1205. 1205. 1205. ... 9280. 9420. 9420.]
 [1215. 1215. 1215. ... 9570. 9720. 9720.]
 ...
 [ 486.  486.  486. ...  455.  455.  455.]
 [ 486.  486.  486. ...  455.  455.  455.]
 [ 482.  482.  482. ...  451.  451.  452.]]
[[1201. 1198. 1198. ... 8504. 8620. 8620.]
 [1201. 1198. 1198. ... 8744. 8870. 8870.]
 [1210. 1208. 1208. ... 8870. 9010. 9010.]
 ...
 [ 484.  484.  485. ...  456.  456.  456.]
 [ 484.  484.  485. ...  456.  456.  456.]
 [ 480.  481.  481. ...  454.  453.  453.]]
[[ 1203.  1203.  1203. ... 10376. 10560. 10376.]
 [ 1203.  1203.  1203. ... 10560. 10560. 10560.]
 [ 1212.  1212.  1212. ... 10560. 10744. 10744.]
 ...
 [  485.   485.   485. ...   456.   456.   455.]
 [  485.   485.   485. ...   456.   456.   455.]
 [  481.   481.   481. ...   453.   453.   452.]]
[[1201. 1198. 1198. ... 8504. 8504. 8504.]
 [1201. 1198. 1198. ... 8504. 8504. 8504.]
 [1210. 1208. 1208. ... 8620. 8620. 8504.]
 ...
 [ 489.  489.  490. ...  456.  456.  456.]
 [ 489.  489.  490. ...  456.  456.  456.]
 [ 484.  484.  485. ...  453.  453.  453.]]
[[1201. 1201. 1203. ... 9280. 9420. 9420.]
 [1201. 1201. 1203. ... 9280. 9420. 9420.]
 [1210. 1212. 1212. ... 9280. 9420. 9420.]
 ...
 [ 487.  487.  487. ...  457.  457.  457.]
 [ 487.  487.  487. ...  457.  457.  457.]
 [ 482.  482.  483. ...  454.  454.  453.]]
[[1205. 1205. 1205. ... 8620. 8744. 8744.]
 [1205. 1205. 1205. ... 8870. 8870. 8870.]
 [1215. 1215. 1215. ... 9140. 9140. 9140.]
 ...
 [ 488.  488.  489. ...  456.  455.  455.]
 [ 488.  488.  489. ...  456.  455.  455.]
 [ 484.  484.  484. ...  451.  451.  451.]]
[[1203. 1201. 1201. ... 8504. 8504. 8504.]
 [1203. 1201. 1201. ... 8504. 8504. 8504.]
 [1212. 1210. 1210. ... 8620. 8620. 8620.]
 ...
 [ 485.  485.  485. ...  456.  456.  456.]
 [ 485.  485.  485. ...  456.  456.  456.]
 [ 480.  480.  480. ...  453.  453.  452.]]
[[ 1205.  1205.  1205. ... 10560. 10560. 10560.]
 [ 1205.  1205.  1205. ... 10560. 10560. 10560.]
 [ 1215.  1215.  1215. ... 10560. 10560. 10560.]
 ...
 [  488.   488.   489. ...   455.   455.   455.]
 [  488.   488.   489. ...   455.   455.   455.]
 [  484.   484.   484. ...   452.   452.   452.]]
[[1201. 1198. 1198. ... 9010. 9140. 9140.]
 [1201. 1198. 1198. ... 8870. 9010. 9010.]
 [1208. 1208. 1208. ... 8870. 9010. 9010.]
 ...
 [ 486.  486.  487. ...  455.  455.  455.]
 [ 486.  486.  487. ...  455.  455.  455.]
 [ 482.  482.  482. ...  452.  451.  451.]]
[[1198. 1198. 1198. ... 8870. 9010. 9010.]
 [1198. 1198. 1198. ... 9010. 9280. 9280.]
 [1208. 1208. 1208. ... 9280. 9420. 9420.]
 ...
 [ 486.  487.  487. ...  456.  456.  456.]
 [ 486.  487.  487. ...  456.  456.  456.]
 [ 482.  483.  483. ...  453.  453.  453.]]
[[1198. 1198. 1198. ... 7950. 7950. 7950.]
 [1198. 1198. 1198. ... 8056. 8056. 8056.]
 [1208. 1208. 1208. ... 8056. 8056. 8056.]
 ...
 [ 489.  489.  489. ...  456.  456.  455.]
 [ 489.  489.  489. ...  456.  456.  455.]
 [ 484.  485.  486. ...  453.  453.  452.]]
[[1205. 1208. 1208. ... 9140. 9140. 9140.]
 [1205. 1208. 1208. ... 9010. 9010. 9010.]
 [1217. 1217. 1220. ... 9010. 9010. 9010.]
 ...
 [ 488.  488.  489. ...  457.  457.  458.]
 [ 488.  488.  489. ...  457.  457.  458.]
 [ 484.  484.  484. ...  454.  454.  454.]]
[[1208. 1208. 1208. ... 8870. 8870. 8870.]
 [1208. 1208. 1208. ... 8744. 8744. 8744.]
 [1220. 1217. 1217. ... 8744. 8744. 8744.]
 ...
 [ 486.  486.  487. ...  458.  458.  457.]
 [ 486.  486.  487. ...  458.  458.  457.]
 [ 482.  482.  482. ...  454.  453.  453.]]
[[1201. 1201. 1201. ... 8056. 8164. 8164.]
 [1201. 1201. 1201. ... 8270. 8380. 8380.]
 [1210. 1210. 1212. ... 8504. 8620. 8620.]
 ...
 [ 485.  485.  485. ...  456.  456.  456.]
 [ 485.  485.  485. ...  456.  456.  456.]
 [ 480.  480.  481. ...  453.  453.  453.]]
[[1201. 1201. 1201. ... 8270. 8380. 8380.]
 [1201. 1201. 1201. ... 8270. 8270. 8270.]
 [1210. 1210. 1210. ... 8270. 8270. 8270.]
 ...
 [ 488.  488.  489. ...  456.  456.  455.]
 [ 488.  488.  489. ...  456.  456.  455.]
 [ 483.  483.  484. ...  453.  453.  453.]]
[[1196. 1196. 1196. ... 9010. 9010. 9010.]
 [1196. 1196. 1196. ... 9140. 9140. 9140.]
 [1205. 1205. 1205. ... 9140. 9140. 9140.]
 ...
 [ 487.  487.  487. ...  456.  456.  455.]
 [ 487.  487.  487. ...  456.  456.  455.]
 [ 482.  483.  483. ...  452.  452.  452.]]
[[1205. 1203. 1203. ... 9010. 9280. 9280.]
 [1205. 1203. 1203. ... 9010. 9140. 9140.]
 [1215. 1212. 1212. ... 9010. 9140. 9140.]
 ...
 [ 487.  487.  487. ...  457.  457.  457.]
 [ 487.  487.  487. ...  457.  457.  457.]
 [ 482.  482.  483. ...  454.  454.  454.]]
[[1203. 1203. 1203. ... 9570. 9720. 9720.]
 [1203. 1203. 1203. ... 9570. 9720. 9720.]
 [1215. 1212. 1212. ... 9570. 9720. 9720.]
 ...
 [ 487.  487.  487. ...  458.  458.  457.]
 [ 487.  487.  487. ...  458.  458.  457.]
 [ 482.  482.  483. ...  455.  454.  453.]]
[[ 1208.  1205.  1205. ... 10210. 10210. 10040.]
 [ 1208.  1205.  1205. ...  9570.  9570.  9420.]
 [ 1217.  1217.  1217. ...  9570.  9570.  9420.]
 ...
 [  486.   486.   486. ...   457.   457.   457.]
 [  486.   486.   486. ...   457.   457.   457.]
 [  481.   481.   481. ...   453.   453.   453.]]
[[1203. 1201. 1201. ... 8504. 8620. 8620.]
 [1203. 1201. 1201. ... 8504. 8504. 8504.]
 [1212. 1210. 1210. ... 8504. 8504. 8504.]
 ...
 [ 486.  486.  487. ...  454.  453.  453.]
 [ 486.  486.  487. ...  454.  453.  453.]
 [ 482.  482.  483. ...  451.  451.  451.]]
[[1198. 1198. 1198. ... 9010. 9140. 9140.]
 [1198. 1198. 1198. ... 9420. 9570. 9570.]
 [1208. 1208. 1208. ... 9570. 9720. 9720.]
 ...
 [ 484.  484.  485. ...  455.  455.  455.]
 [ 484.  484.  485. ...  455.  455.  455.]
 [ 479.  479.  479. ...  452.  452.  452.]]
[[1201. 1201. 1201. ... 9140. 9280. 9280.]
 [1201. 1201. 1201. ... 9280. 9280. 9280.]
 [1210. 1210. 1210. ... 9280. 9280. 9280.]
 ...
 [ 488.  488.  488. ...  455.  455.  455.]
 [ 488.  488.  488. ...  455.  455.  455.]
 [ 483.  483.  484. ...  452.  452.  452.]]
[[1198. 1198. 1198. ... 8744. 9010. 9010.]
 [1198. 1198. 1198. ... 8744. 9010. 9010.]
 [1208. 1208. 1208. ... 8744. 9010. 9010.]
 ...
 [ 488.  488.  489. ...  459.  459.  458.]
 [ 488.  488.  489. ...  459.  459.  458.]
 [ 484.  484.  484. ...  456.  456.  455.]]
[[1201. 1201. 1201. ... 8870. 8870. 8870.]
 [1201. 1201. 1201. ... 9010. 9010. 9010.]
 [1210. 1208. 1208. ... 9140. 9140. 9140.]
 ...
 [ 484.  484.  484. ...  456.  456.  456.]
 [ 484.  484.  484. ...  456.  456.  456.]
 [ 479.  479.  479. ...  454.  454.  454.]]
[[1198. 1198. 1201. ... 8270. 8270. 8164.]
 [1198. 1198. 1201. ... 8164. 8164. 8164.]
 [1208. 1208. 1208. ... 8164. 8164. 8164.]
 ...
 [ 486.  486.  487. ...  457.  457.  457.]
 [ 486.  486.  487. ...  457.  457.  457.]
 [ 481.  481.  482. ...  454.  454.  454.]]
[[1201. 1198. 1198. ... 8870. 8870. 8870.]
 [1201. 1198. 1198. ... 8744. 8870. 8870.]
 [1210. 1208. 1208. ... 8744. 8870. 8870.]
 ...
 [ 485.  485.  485. ...  458.  458.  457.]
 [ 485.  485.  485. ...  458.  458.  457.]
 [ 481.  480.  480. ...  453.  453.  453.]]
[[1203. 1203. 1203. ... 9140. 9420. 9420.]
 [1203. 1203. 1203. ... 9140. 9280. 9280.]
 [1212. 1212. 1212. ... 9140. 9280. 9280.]
 ...
 [ 486.  486.  487. ...  458.  458.  457.]
 [ 486.  486.  487. ...  458.  458.  457.]
 [ 481.  481.  482. ...  453.  453.  453.]]
[[1203. 1201. 1201. ... 9140. 9140. 9140.]
 [1203. 1201. 1201. ... 9280. 9280. 9280.]
 [1212. 1212. 1212. ... 9280. 9280. 9280.]
 ...
 [ 486.  486.  486. ...  456.  455.  455.]
 [ 486.  486.  486. ...  456.  455.  455.]
 [ 482.  482.  483. ...  452.  452.  452.]]
[[1201. 1198. 1198. ... 8870. 9010. 9010.]
 [1201. 1198. 1198. ... 9010. 9140. 9140.]
 [1210. 1208. 1208. ... 9140. 9280. 9280.]
 ...
 [ 486.  486.  487. ...  455.  455.  456.]
 [ 486.  486.  487. ...  455.  455.  456.]
 [ 481.  481.  482. ...  452.  452.  452.]]
[[1205. 1203. 1203. ... 7750. 7850. 7850.]
 [1205. 1203. 1203. ... 7850. 7950. 7950.]
 [1215. 1212. 1212. ... 7950. 7950. 7950.]
 ...
 [ 486.  486.  487. ...  456.  456.  456.]
 [ 486.  486.  487. ...  456.  456.  456.]
 [ 482.  482.  482. ...  453.  453.  452.]]
[[1198. 1198. 1198. ... 8380. 8504. 8504.]
 [1198. 1198. 1198. ... 8270. 8380. 8380.]
 [1208. 1208. 1208. ... 8270. 8380. 8380.]
 ...
 [ 487.  487.  487. ...  457.  457.  457.]
 [ 487.  487.  487. ...  457.  457.  457.]
 [ 483.  482.  482. ...  454.  454.  453.]]
[[1205. 1205. 1205. ... 9010. 9140. 9140.]
 [1205. 1205. 1205. ... 9010. 9140. 9140.]
 [1217. 1217. 1217. ... 9140. 9280. 9280.]
 ...
 [ 484.  484.  484. ...  457.  457.  457.]
 [ 484.  484.  484. ...  457.  457.  457.]
 [ 480.  480.  480. ...  454.  454.  455.]]
[[1205. 1205. 1205. ... 8270. 8380. 8380.]
 [1205. 1205. 1205. ... 8270. 8380. 8380.]
 [1215. 1215. 1215. ... 8380. 8380. 8380.]
 ...
 [ 487.  487.  487. ...  459.  459.  459.]
 [ 487.  487.  487. ...  459.  459.  459.]
 [ 484.  484.  484. ...  457.  457.  456.]]
[[1203. 1203. 1203. ... 8380. 8504. 8504.]
 [1203. 1203. 1203. ... 8504. 8504. 8504.]
 [1212. 1212. 1212. ... 8504. 8504. 8504.]
 ...
 [ 486.  487.  487. ...  455.  455.  455.]
 [ 486.  487.  487. ...  455.  455.  455.]
 [ 481.  482.  482. ...  452.  452.  452.]]
[[1208. 1208. 1208. ... 9010. 9140. 9140.]
 [1208. 1208. 1208. ... 8870. 9010. 9010.]
 [1217. 1217. 1217. ... 8870. 9010. 9010.]
 ...
 [ 487.  487.  488. ...  455.  455.  456.]
 [ 487.  487.  488. ...  455.  455.  456.]
 [ 483.  484.  484. ...  451.  451.  452.]]
[[1198. 1198. 1198. ... 7950. 7950. 7950.]
 [1198. 1198. 1198. ... 7950. 7950. 7950.]
 [1208. 1208. 1208. ... 7950. 7950. 7950.]
 ...
 [ 486.  486.  486. ...  456.  456.  456.]
 [ 486.  486.  486. ...  456.  456.  456.]
 [ 481.  481.  481. ...  453.  453.  454.]]
[[1203. 1203. 1203. ... 8270. 8270. 8164.]
 [1203. 1203. 1203. ... 8056. 8056. 8056.]
 [1212. 1212. 1212. ... 8056. 8056. 8056.]
 ...
 [ 487.  487.  487. ...  455.  455.  455.]
 [ 487.  487.  487. ...  455.  455.  455.]
 [ 483.  483.  484. ...  451.  451.  452.]]
[[ 1201.  1201.  1201. ... 10040. 10210. 10210.]
 [ 1201.  1201.  1201. ... 10040. 10210. 10210.]
 [ 1210.  1210.  1210. ... 10040. 10210. 10210.]
 ...
 [  485.   485.   485. ...   456.   456.   455.]
 [  485.   485.   485. ...   456.   456.   455.]
 [  481.   481.   481. ...   453.   452.   452.]]
[[ 1205.  1205.  1205. ...  9870.  9870.  9870.]
 [ 1205.  1205.  1205. ... 10210. 10210. 10210.]
 [ 1217.  1217.  1217. ... 10560. 10560. 10560.]
 ...
 [  488.   488.   489. ...   455.   455.   455.]
 [  488.   488.   489. ...   455.   455.   455.]
 [  483.   484.   484. ...   452.   452.   452.]]
[[1203. 1201. 1201. ... 8620. 8620. 8504.]
 [1203. 1201. 1201. ... 8504. 8504. 8380.]
 [1212. 1210. 1210. ... 8504. 8504. 8380.]
 ...
 [ 484.  484.  485. ...  454.  454.  454.]
 [ 484.  484.  485. ...  454.  454.  454.]
 [ 480.  480.  480. ...  452.  452.  452.]]
[[1205. 1203. 1203. ... 8744. 8744. 8744.]
 [1205. 1203. 1203. ... 8870. 8870. 8870.]
 [1215. 1215. 1215. ... 9010. 9010. 9010.]
 ...
 [ 485.  485.  485. ...  455.  455.  455.]
 [ 485.  485.  485. ...  455.  455.  455.]
 [ 481.  481.  481. ...  452.  452.  452.]]
[[1196. 1196. 1196. ... 8620. 8744. 8744.]
 [1196. 1196. 1196. ... 8504. 8620. 8620.]
 [1208. 1205. 1205. ... 8504. 8620. 8620.]
 ...
 [ 485.  486.  486. ...  457.  457.  457.]
 [ 485.  486.  486. ...  457.  457.  457.]
 [ 481.  481.  482. ...  455.  454.  454.]]
[[1198. 1198. 1198. ... 8744. 8744. 8744.]
 [1198. 1198. 1198. ... 9010. 9010. 9010.]
 [1208. 1208. 1208. ... 9140. 9140. 9140.]
 ...
 [ 487.  487.  487. ...  459.  459.  458.]
 [ 487.  487.  487. ...  459.  459.  458.]
 [ 482.  482.  482. ...  456.  456.  456.]]
[[1201. 1201. 1201. ... 9570. 9570. 9570.]
 [1201. 1201. 1201. ... 9280. 9280. 9280.]
 [1210. 1210. 1210. ... 9280. 9280. 9280.]
 ...
 [ 485.  485.  485. ...  457.  457.  457.]
 [ 485.  485.  485. ...  457.  457.  457.]
 [ 481.  481.  481. ...  454.  454.  454.]]
[[1205. 1205. 1205. ... 7376. 7376. 7376.]
 [1205. 1205. 1205. ... 7290. 7290. 7290.]
 [1215. 1215. 1215. ... 7290. 7290. 7290.]
 ...
 [ 486.  486.  487. ...  457.  457.  456.]
 [ 486.  486.  487. ...  457.  457.  456.]
 [ 482.  482.  482. ...  454.  453.  453.]]
[[1203. 1203. 1203. ... 9420. 9720. 9720.]
 [1203. 1203. 1203. ... 9570. 9720. 9720.]
 [1212. 1212. 1212. ... 9720. 9720. 9720.]
 ...
 [ 486.  487.  487. ...  457.  457.  457.]
 [ 486.  487.  487. ...  457.  457.  457.]
 [ 482.  482.  482. ...  453.  453.  453.]]
[[1196. 1196. 1196. ... 8164. 8164. 8056.]
 [1196. 1196. 1196. ... 8164. 8164. 8056.]
 [1205. 1205. 1205. ... 8164. 8164. 8056.]
 ...
 [ 488.  488.  489. ...  456.  456.  456.]
 [ 488.  488.  489. ...  456.  456.  456.]
 [ 483.  484.  484. ...  453.  453.  453.]]
[[1201. 1201. 1201. ... 7750. 7750. 7750.]
 [1201. 1201. 1201. ... 7652. 7652. 7652.]
 [1210. 1210. 1210. ... 7652. 7652. 7652.]
 ...
 [ 485.  486.  486. ...  457.  457.  457.]
 [ 485.  486.  486. ...  457.  457.  457.]
 [ 481.  481.  481. ...  454.  454.  453.]]
[[1203. 1203. 1203. ... 9280. 9280. 9280.]
 [1203. 1203. 1203. ... 9420. 9570. 9570.]
 [1212. 1215. 1215. ... 9570. 9720. 9720.]
 ...
 [ 487.  487.  488. ...  456.  456.  457.]
 [ 487.  487.  488. ...  456.  456.  457.]
 [ 482.  482.  483. ...  453.  453.  453.]]
[[1203. 1203. 1203. ... 7950. 7950. 7950.]
 [1203. 1203. 1203. ... 8056. 8164. 8164.]
 [1212. 1212. 1212. ... 8164. 8380. 8380.]
 ...
 [ 486.  486.  486. ...  458.  458.  458.]
 [ 486.  486.  486. ...  458.  458.  458.]
 [ 482.  482.  482. ...  455.  455.  455.]]
[[1198. 1198. 1198. ... 8744. 8870. 8870.]
 [1198. 1198. 1198. ... 8744. 8870. 8870.]
 [1208. 1205. 1205. ... 8744. 8870. 8870.]
 ...
 [ 484.  485.  486. ...  457.  457.  457.]
 [ 484.  485.  486. ...  457.  457.  457.]
 [ 480.  481.  481. ...  455.  455.  455.]]
[[ 1201.  1201.  1201. ...  9420.  9570.  9570.]
 [ 1201.  1201.  1201. ...  9720.  9870.  9870.]
 [ 1212.  1212.  1212. ... 10040. 10210. 10210.]
 ...
 [  490.   490.   490. ...   456.   456.   456.]
 [  490.   490.   490. ...   456.   456.   456.]
 [  484.   485.   486. ...   453.   453.   453.]]
[[1205. 1205. 1205. ... 9570. 9720. 9720.]
 [1205. 1205. 1205. ... 9720. 9720. 9720.]
 [1215. 1215. 1215. ... 9720. 9870. 9870.]
 ...
 [ 485.  486.  486. ...  457.  457.  457.]
 [ 485.  486.  486. ...  457.  457.  457.]
 [ 481.  481.  481. ...  454.  454.  454.]]
[[1201. 1198. 1198. ... 8870. 9140. 9140.]
 [1201. 1198. 1198. ... 8870. 9140. 9140.]
 [1208. 1208. 1208. ... 9010. 9140. 9140.]
 ...
 [ 485.  485.  486. ...  456.  456.  455.]
 [ 485.  485.  486. ...  456.  456.  455.]
 [ 481.  481.  481. ...  453.  452.  452.]]
[[1201. 1198. 1198. ... 8620. 8870. 8870.]
 [1201. 1198. 1198. ... 8870. 9010. 9010.]
 [1210. 1208. 1208. ... 9010. 9280. 9280.]
 ...
 [ 485.  486.  486. ...  457.  456.  456.]
 [ 485.  486.  486. ...  457.  456.  456.]
 [ 481.  481.  481. ...  454.  453.  453.]]
[[1205. 1203. 1203. ... 9280. 9420. 9420.]
 [1205. 1203. 1203. ... 9570. 9570. 9570.]
 [1215. 1212. 1212. ... 9720. 9870. 9870.]
 ...
 [ 486.  486.  486. ...  456.  456.  456.]
 [ 486.  486.  486. ...  456.  456.  456.]
 [ 481.  481.  482. ...  453.  453.  453.]]
[[1203. 1203. 1205. ... 8164. 8164. 8164.]
 [1203. 1203. 1205. ... 8164. 8164. 8164.]
 [1212. 1212. 1215. ... 8164. 8164. 8164.]
 ...
 [ 486.  486.  486. ...  455.  455.  454.]
 [ 486.  486.  486. ...  455.  455.  454.]
 [ 482.  482.  482. ...  452.  452.  452.]]
[[1205. 1205. 1205. ... 7040. 7040. 7040.]
 [1205. 1205. 1205. ... 6960. 6960. 6960.]
 [1215. 1215. 1215. ... 6960. 6960. 6960.]
 ...
 [ 486.  486.  486. ...  457.  456.  456.]
 [ 486.  486.  486. ...  457.  456.  456.]
 [ 481.  482.  482. ...  454.  454.  453.]]
[[1208. 1208. 1208. ... 9720. 9720. 9720.]
 [1208. 1208. 1208. ... 9720. 9720. 9720.]
 [1217. 1217. 1217. ... 9720. 9720. 9720.]
 ...
 [ 485.  486.  486. ...  456.  456.  456.]
 [ 485.  486.  486. ...  456.  456.  456.]
 [ 481.  482.  482. ...  453.  453.  453.]]
[[1205. 1203. 1203. ... 8870. 8870. 8870.]
 [1205. 1203. 1203. ... 8870. 8870. 8870.]
 [1215. 1212. 1212. ... 8870. 8870. 8870.]
 ...
 [ 489.  489.  489. ...  456.  456.  455.]
 [ 489.  489.  489. ...  456.  456.  455.]
 [ 484.  485.  485. ...  454.  453.  453.]]
[[1205. 1205. 1205. ... 8620. 8870. 8870.]
 [1205. 1205. 1205. ... 8744. 8870. 8870.]
 [1215. 1212. 1212. ... 8870. 9010. 9010.]
 ...
 [ 489.  489.  490. ...  456.  456.  455.]
 [ 489.  489.  490. ...  456.  456.  455.]
 [ 484.  484.  485. ...  453.  453.  453.]]
[[1198. 1198. 1198. ... 9720. 9720. 9570.]
 [1198. 1198. 1198. ... 9720. 9720. 9570.]
 [1208. 1205. 1205. ... 9720. 9720. 9720.]
 ...
 [ 486.  486.  486. ...  457.  457.  457.]
 [ 486.  486.  486. ...  457.  457.  457.]
 [ 481.  481.  481. ...  454.  454.  454.]]
[[ 1201.  1201.  1201. ...  9720.  9870.  9870.]
 [ 1201.  1201.  1201. ...  9870. 10040. 10040.]
 [ 1210.  1210.  1210. ... 10040. 10210. 10210.]
 ...
 [  485.   485.   486. ...   454.   454.   455.]
 [  485.   485.   486. ...   454.   454.   455.]
 [  480.   480.   480. ...   452.   452.   452.]]
[[1198. 1198. 1198. ... 8870. 9010. 9010.]
 [1198. 1198. 1198. ... 8744. 8870. 8870.]
 [1208. 1208. 1208. ... 8744. 8870. 8870.]
 ...
 [ 484.  485.  485. ...  456.  456.  456.]
 [ 484.  485.  485. ...  456.  456.  456.]
 [ 481.  481.  481. ...  453.  453.  453.]]
[[1201. 1201. 1201. ... 9570. 9720. 9720.]
 [1201. 1201. 1201. ... 9720. 9870. 9870.]
 [1212. 1210. 1210. ... 9870. 9870. 9870.]
 ...
 [ 487.  487.  487. ...  456.  456.  456.]
 [ 487.  487.  487. ...  456.  456.  456.]
 [ 483.  483.  483. ...  454.  454.  454.]]
[[1205. 1203. 1203. ... 8744. 8744. 8744.]
 [1205. 1203. 1203. ... 8870. 8870. 8870.]
 [1215. 1212. 1212. ... 9010. 9010. 9010.]
 ...
 [ 486.  486.  487. ...  455.  455.  455.]
 [ 486.  486.  487. ...  455.  455.  455.]
 [ 482.  482.  483. ...  451.  451.  451.]]
[[1194. 1194. 1194. ... 8870. 8870. 8870.]
 [1194. 1194. 1194. ... 8870. 8870. 8744.]
 [1203. 1203. 1203. ... 8870. 8870. 8744.]
 ...
 [ 488.  488.  489. ...  456.  455.  455.]
 [ 488.  488.  489. ...  456.  455.  455.]
 [ 483.  483.  484. ...  453.  453.  452.]]
[[1205. 1203. 1203. ... 8870. 9010. 9010.]
 [1205. 1203. 1203. ... 9140. 9280. 9280.]
 [1215. 1215. 1215. ... 9280. 9570. 9570.]
 ...
 [ 486.  487.  487. ...  457.  457.  457.]
 [ 486.  487.  487. ...  457.  457.  457.]
 [ 482.  482.  482. ...  453.  453.  453.]]
[[1201. 1201. 1201. ... 8270. 8270. 8270.]
 [1201. 1201. 1201. ... 8380. 8504. 8504.]
 [1210. 1210. 1210. ... 8620. 8744. 8744.]
 ...
 [ 487.  487.  488. ...  456.  456.  456.]
 [ 487.  487.  488. ...  456.  456.  456.]
 [ 483.  483.  484. ...  453.  453.  453.]]
[[1205. 1205. 1205. ... 8870. 8870. 8870.]
 [1205. 1205. 1205. ... 9140. 9140. 9140.]
 [1215. 1215. 1215. ... 9420. 9420. 9420.]
 ...
 [ 487.  487.  487. ...  457.  457.  457.]
 [ 487.  487.  487. ...  457.  457.  457.]
 [ 482.  483.  483. ...  454.  454.  454.]]
[[1201. 1201. 1201. ... 8270. 8380. 8380.]
 [1201. 1201. 1201. ... 8380. 8504. 8504.]
 [1210. 1210. 1210. ... 8504. 8504. 8504.]
 ...
 [ 487.  487.  487. ...  456.  456.  456.]
 [ 487.  487.  487. ...  456.  456.  456.]
 [ 482.  482.  482. ...  453.  453.  452.]]
[[1205. 1205. 1205. ... 8870. 9140. 9140.]
 [1205. 1205. 1205. ... 9010. 9140. 9140.]
 [1217. 1215. 1215. ... 9010. 9140. 9140.]
 ...
 [ 485.  485.  485. ...  455.  455.  455.]
 [ 485.  485.  485. ...  455.  455.  455.]
 [ 481.  481.  481. ...  453.  452.  452.]]
