---no device connected---
26.605695467938588 45.50612490634243
25.2270398664607 47.63408587910879
23.931467737905063 51.28434129155214
28.684511803732025 51.252218357093035
1.5544717297568018 53.78147988448738
4.193316632412718 52.293070372196446
1.5528449004663556 52.26735956952768
4.6545564530911605 53.55707675920628
58.38374679182629 55.049099010443726
54.70333023379256 53.97846311214906
66.70996757257947 53.411218301050155
43.95755438478811 52.858541790712884
64.03901446034756 54.91960686193608
77.29439089578453 52.78466696525494
59.374705097107054 53.44252635708142
58.883373175677654 52.76783200496008
57.956394137382865 52.01520288567378
66.42208796071408 54.452512537496936
80.05574372087133 52.75436853624836
80.24428914436513 50.72476842997346
60.53712345804958 53.94180754505685
70.01232118935313 55.65907258327002
58.816714009732856 50.85818901392318
75.74096781740384 50.045137851420975
65.22814235017992 51.2759197648547
71.52925970982014 49.26003682315983
69.17377041004286 53.66150939314413
72.2240030209233 51.49599072305097
71.81656704122301 52.898302933285265
73.21564260114783 52.43073132141973
74.71816244114929 51.958749836879015
69.39900567552128 55.54075279240054
74.70314919610436 51.698340045493715
66.31060232927628 55.04513621187967
75.54943768876316 51.20353486318249
58.67634298716559 52.8468980888502
72.96323802921151 52.64353536856095
66.74275959633134 53.78545409423191
60.07122835067644 54.43875409255606
67.5473908086316 53.653693068660786
54.11740674467539 54.00195220097925
64.6066861308192 48.732108381074625
70.69003999208059 55.51288445737616
72.9989579207491 51.145547828702384
77.13318319105694 49.40654562187111
75.44221179236322 55.39910908819639
71.92104337263198 55.818608556029325
60.49905869461027 49.828759443115274
70.0578576589247 56.22185790537904
68.64858734419593 50.59496458594988
69.80418438422222 52.72816829988665
74.62498777823838 50.915137031732826
44.35643715993091 55.13380022849989
53.36824547689303 53.81011302741272
71.39188564288553 52.11731734115914
70.74686331764977 54.56167803107339
66.50364408143238 48.610673324793126
58.893381674825356 52.64682967279652
72.17649014883477 54.126978770232505
72.60852787331012 51.99638614577919
69.0125408253539 53.545315968387335
66.74636204556249 53.13366602515309
51.27478182591243 52.97593567123866
72.68448751855944 53.280281922517304
60.90385996023275 50.916607043786186
74.79809598319481 53.48192983847783
62.730162099514196 52.634352774297014
69.69808501201743 49.82878087107759
78.4883963184577 54.47311294500823
58.34270559808344 49.043745312682056
61.77760668878332 52.87203950475726
65.45553328324829 53.61524303978524
73.36380850703733 50.44484969045157
76.11771321123902 51.16859690905337
64.682402544075 54.38872784797657
77.83107284583338 52.110367603480285
64.93322951612745 54.18531584737528
79.41733175487708 50.11082240741857
66.39325082867855 48.145491266218094
65.5632829060874 54.22429051945415
77.92137078845597 49.96028545795555
41.28369982723998 52.2315825727082
79.05150720135629 52.998663811213426
45.57816170923084 52.094478119066714
62.01456376131375 55.19270174376844
69.10728402194331 53.13249819302096
61.7192795328974 51.490540936029134
83.07431539844038 56.142887951204514
62.234257731745906 53.76462124543913
69.5736712451938 52.020332267014915
78.24962614561178 53.59360994033521
66.6976751923389 52.466955813619535
78.92681505391636 53.57712775157799
79.45911801484492 50.93494960056594
71.42518480716468 49.30623745749277
76.06656259139166 50.86670035172671
57.07752735656139 47.48044817917902
65.45553328324829 55.54640884407507
59.33805934690327 52.62005805346304
73.84638187253952 54.64436323207224
59.32175612004925 56.16272997111316
66.51783584454267 54.894326647890516
71.31317931132386 54.50213256240309
60.262381086284265 51.697997336632156
56.92646784122354 52.86783585093151
72.07287661536185 51.54894792883057
70.60828885510107 52.18772376474526
75.82296445333263 53.952694089389304
73.04756799924276 53.30367013303709
69.40667278578292 53.28663674004494
74.47580626254874 50.853407983309125
66.51326824167406 54.89865933872787
73.47333002938959 53.469758593948114
73.79192872787718 52.380403209571185
73.12930376044787 50.5351385994351
77.1015776632031 44.596812238975204
66.59380848960228 51.95274616646863
78.21766733590418 52.95829036944836
73.69326932229889 55.669629244654644
73.49280686791523 55.46380381800388
66.66247455055682 51.686275634820305
67.27684794924208 54.71617222508655
61.987903365891036 54.87843705637208
75.27736128750553 53.7953777193844
79.31566769376528 55.71895352576957
69.54428847417852 57.585313404270295
80.2580825110327 53.75298252826943
80.07379919447445 50.950221700054236
76.34751158506535 53.492633966178474
74.36110289388024 52.726508034037415
71.52961218337212 55.97204352065201
68.32489997694384 55.08322081363482
65.49935244543944 50.73399457915598
63.05367294306641 54.259196018363276
71.53215740777561 52.54508432495139
69.13082842244903 55.23803746599031
56.40543875435844 49.12037724186416
61.19784710372322 52.38418918279512
84.15194392177983 54.30150126088801
70.00719905180551 56.387502591379885
77.90770602074586 49.39867071976523
66.77582589268626 50.62494848625707
69.72610975288478 54.58284259032885
65.21386234593636 54.808196398582666
71.57257878133721 52.0410429810119
76.34444888591356 54.16457316565607
68.72906813486482 51.89438704600233
76.2631336013976 54.06569105576909
66.36313603600557 55.30261219881619
65.27103870521292 53.841979182954844
64.7788761589504 50.80656636278174
63.29661400667171 52.986788382414844
69.47915292567694 54.613013655789054
72.49171467083755 54.49162337001827
77.76133300782925 53.35751326572485
74.83566495463755 53.54749732838491
67.85275767277477 51.543010569212726
78.96043435222057 49.704232286621604
73.62418015193757 52.04278417153392
67.83077691977337 53.03980860334245
66.06879404936198 50.65056596743584
75.51390704836685 52.61740370574717
80.42110170645857 50.05874966767718
66.10102462658445 49.964582753443366
70.43068874346156 51.515344952462094
76.41129392593218 49.90269863017568
67.2971947652317 52.00697777947693
74.98787610932986 52.778770997612895
71.18768272453491 52.751530554890806
79.29746525504986 52.92479249439694
79.36287969677656 53.682136776218165
66.61138340855068 51.45549891115997
63.23265264881961 52.92330201605813
71.45680533676612 47.42414202226552
67.21156733794787 52.6529999661288
65.79795223326434 53.03371266229467
73.18020754990583 55.716645339443616
65.03985639292274 53.522022077723264
72.44334373402401 51.669474182908864
69.16550306710715 51.19040064014784
57.966602744751285 51.67532758795549
70.69346682537706 54.61490020386737
76.84254364260019 53.73185583286679
67.16430607759092 54.82687693376627
53.123432620052355 51.86921882524474
71.71675085700016 51.38925537979882
75.44294757095523 51.27377623752679
67.39719432874953 52.51205662596458
66.21947318696292 50.804616712382824
72.3600911647771 50.72626860920375
69.58722588469958 53.1592742721786
61.97906322878014 51.65463641663183
60.96186877907022 49.77520189686151
71.55732218828865 52.10523865029498
73.08251719980979 55.759083142631596
58.86798593872633 53.418959634912234
57.4310770273777 52.65991749241274
77.71681234370897 50.6086325515729
50.66363265646552 52.4289842134391
69.37929430717057 52.98638150941618
61.75197569324792 52.97527284358003
72.81281453182277 55.128168175140814
71.16133928704325 54.86506004993266
61.77565334868762 52.028023604635756
62.10713988794471 53.95618925895934
64.89745649608061 55.234607501103014
71.20897502359773 50.84867055947832
67.24749099724697 52.253877471088565
69.46552343314521 55.749125848374064
66.48500953078437 53.35882885295708
74.64681604040159 51.71964496463673
72.75110211565122 50.99582027216247
76.49642044008564 53.486295380911876
65.98591540428612 51.87868861060098
64.0730621208147 53.470335154572254
79.68305659684852 55.22339058906593
78.530964630312 53.9668393098263
74.73773099027751 53.32242879832829
66.43721228591617 51.38529540752031
69.815589015772 49.82943433156398
65.082537933083 51.989541214343596
67.75114958417784 50.70841727370992
75.400442826392 53.383464022270786
74.28434570381606 52.81331336225798
56.26897785121384 51.42146809771861
75.60189708903238 50.54821512327175
71.41046898741929 53.09428670778591
58.710819191957064 55.3037265636869
71.90613727456704 56.40521326509688
71.46827608415366 55.08091592160251
73.5324991381892 53.29837916326172
71.94193907007462 46.40596028643565
64.87234573550099 51.77842857220297
73.05053042115425 52.19632193338748
57.990197078479866 49.00050008032281
68.93215655105632 50.43232226237575
69.03136208372146 50.46238907730343
70.66876203782293 53.766546065933554
73.39493560561482 53.236020761503106
72.44907015918164 53.204157628037464
71.4646487776711 54.39337078873484
71.58030316856726 49.625504400198764
70.7662827221335 50.572464314285554
69.40743360308768 50.09145958587648
67.74017343800081 49.064941164393524
60.64409888989349 50.77709635118545
73.16935867980949 51.52088670899984
67.78210320398256 53.317601423101145
63.695835885456184 52.884279993240874
64.18562533777211 53.03912920359833
70.569647724946 52.600147890162276
65.93867177683642 50.44969088451202
59.97095093248408 49.01374864128697
69.7332742979392 53.15526098709084
76.2290223336367 50.593449208806206
71.00527289365141 52.281358298863374
82.54461258271974 55.59846128192293
72.3227755691352 51.317292697691
48.42398998959126 53.606575347039325
68.73181128359285 52.25794150528271
59.54769041352408 49.68976008009958
61.16519650257763 52.277748678897446
71.421702720296 55.20194445626141
75.10783195039663 54.33676659269306
69.46959813440762 53.72144951395109
56.49270071106991 54.47483810700136
72.69021865172458 53.649844378393716
70.20365043592626 48.9862176639273
69.54959777420262 50.52657066565112
64.18562533777211 52.33674080124703
64.86519460659127 52.419581545426915
62.830430637587845 55.05424493763843
57.93397647322342 53.43981648881648
58.51604557928521 51.22711459034334
58.63920808009636 53.26070617655168
62.43899395287803 54.304206300982486
58.350349444281775 52.22368459192883
64.74332005054987 51.02676133134461
68.61123988715936 51.179274466269334
65.08316597471195 53.48331476024405
67.73027875216118 54.72283006392445
64.36640994639106 54.494915339176735
62.73112873641933 52.66799525722694
52.864021664500235 50.70734343186907
71.34055001360191 51.18235256803
60.8117574314351 52.84174462332027
60.111842152972656 52.186193846522485
66.2714571173277 55.6337760750308
60.82216625479221 53.8973093986611
57.43104882455103 54.63981315591564
67.6331317498708 51.52831245863521
77.73574726434782 51.6057397473655
52.29389195019993 53.754404858534755
77.61197806489912 52.46506477506284
68.96663118414718 55.35617085408533
69.6416807505576 52.55790596274909
62.3569948687179 53.50143876334684
67.69710574511679 52.51821208620476
68.99215499143155 53.74295940155278
65.19990270725656 50.65820887145247
50.82197290741407 51.32669106669414
64.86519460659127 52.29235268046431
68.44568658521648 52.85348892781905
66.39120353297693 52.165986473553865
77.06641914864846 51.32383142029678
71.21844947060161 52.167655725649354
78.4535199690221 51.0668178018457
56.98944397824585 50.57290211050198
72.50574736607281 53.75620182796689
60.29855251197427 51.8519642236001
65.53339270235972 53.977596913268215
75.54504998233266 51.824134821239674
72.65993951187642 49.099378024882206
70.87702068914344 55.64013354141166
53.54859526309545 58.02639561700565
65.77030388512392 53.055211327559604
74.67597956265836 50.472208872853116
74.25084454301937 53.42583397695772
79.21806374570437 50.151002920101384
